89
84
14
24
129
92
93
106
9
-21
22
-13
-94
-69
-104
-78
-3
-27
-27
-108
-79
-84
-39
43
63
77
18
-26
-37
3
42
88
116
88
99
129
6
-8
82
77
148
130
22
-7
-87
-77
-36
-67
-72
-93
-84
-39
-15
-32
-60
-4
17
8
-101
-89
37
31
-80
-51
-37
-66
-31
1
60
53
61
85
46
78
93
64
-34
-120
-62
-104
-91
-24
-11
-22
36
55
-11
-25
-97
18
100
25
-111
-207
-122
-114
-8
92
55
61
55
38
69
92
78
101
74
-1
-28
-33
-14
4
74
67
72
135
137
68
95
157
126
0
-64
-90
22
7
-49
29
68
103
121
94
67
110
51
-4
21
57
104
64
17
29
-9
-12
11
59
33
-10
52
135
72
-69
-119
-126
-82
-46
-56
50
59
37
22
-38
-35
-68
13
17
-111
-42
-31
103
190
151
149
131
200
111
21
7
24
-33
-85
-24
-57
-79
-84
-152
-111
-74
-93
-78
89
132
83
51
37
39
69
128
45
71
29
-4
-37
-60
10
127
159
91
-11
-20
-11
7
59
38
31
29
76
56
-31
-32
-29
63
133
54
22
64
177
101
8
42
-27
-6
-29
-88
-28
-7
38
170
187
135
126
161
83
10
42
-65
3
50
-5
44
23
45
65
29
50
61
53
63
112
111
41
-61
-25
56
69
74
97
91
148
60
-8
58
87
33
16
25
95
113
76
49
23
25
-8
67
116
127
106
-12
5
-34
-158
-209
-139
10
-10
-25
-28
-42
-45
-13
-102
-59
-11
-50
34
9
-13
-15
-1
50
93
37
-26
-65
-66
-55
-69
-69
-14
-29
-132
-202
-179
-174
-99
-47
27
88
23
-76
-101
-144
-148
-141
-71
-32
-123
-183
-150
-144
-91
-10
-60
-54
-63
-59
-66
-114
-79
21
7
5
37
-19
-78
-88
-45
-96
-99
-90
-106
-20
-61
-99
4
33
-29
-3
42
114
120
122
107
72
133
90
91
8
28
95
-49
-35
30
0
44
100
102
6
-41
-36
50
83
4
61
-9
-53
-16
-1
12
-59
-35
10
58
70
59
71
69
46
33
2
-36
-30
-80
-205
-163
-146
-67
-55
-134
-44
-12
-55
-67
-41
-12
-50
-1
12
18
-71
-79
-66
-7
60
28
-31
-82
-21
-17
-58
-71
-108
-102
-130
-120
-146
-189
-95
29
-19
-3
-76
-112
-134
-142
-118
-133
-140
-124
-96
-129
-148
-147
-109
7
27
65
69
41
-1
17
-61
-162
-111
40
4
-85
-113
-75
77
-20
-16
52
19
37
-27
-49
-26
-3
-7
-38
-71
-77
-130
-76
57
95
13
-1
52
65
26
4
-11
-89
-34
-43
-71
-3
16
133
47
-54
-7
-41
22
28
19
62
19
49
83
4
-120
-159
-63
-26
-86
-85
-54
20
92
56
-15
27
47
12
22
77
46
-1
16
-25
-47
-63
-98
1
8
-34
-76
33
146
149
107
-21
-9
98
95
-16
-27
-51
-27
-140
-225
-128
-89
-80
-26
6
-92
-54
-10
-13
121
4
-48
-16
-50
7
7
-55
-71
-39
-108
-122
-72
67
119
72
25
-89
-203
-88
-47
39
48
30
66
-61
-80
-74
-86
78
-5
-23
57
-68
-50
-66
-141
-111
-81
-160
-75
-33
-19
-13
-68
121
69
-44
-67
-74
80
32
-62
-34
-25
19
-19
-162
-138
-100
-30
-19
-82
-28
7
141
234
177
191
62
-14
30
6
-88
-97
8
39
16
-123
-172
-58
-40
-88
-74
13
27
19
-56
-168
-114
-113
-81
-27
-48
-75
-10
-31
-51
-79
-152
-86
25
42
47
118
114
150
102
33
55
37
0
-23
16
-6
29
68
121
131
10
79
102
82
117
12
30
32
-16
-63
-174
-197
-104
-117
-101
-122
-87
-24
-67
39
10
-9
39
28
34
70
-67
-1
40
17
29
-50
-55
-123
-123
-91
-58
-65
-41
58
52
18
-46
-72
-97
-18
94
95
23
97
171
69
27
31
-29
-63
-119
-73
0
35
34
-5
22
-11
-114
-83
-68
-67
0
-75
-82
4
44
57
79
-5
-59
-65
-7
58
93
51
-29
-13
-31
-1
29
27
54
91
42
-7
-19
32
99
70
160
154
12
-133
-213
-72
-58
-76
-49
-128
-79
-23
-77
57
103
106
175
160
134
-3
-57
97
165
87
152
125
-22
-50
-136
14
141
153
84
77
152
114
74
177
174
68
30
-44
-152
-169
-215
-248
-146
-47
0
5
91
145
121
96
182
148
139
95
86
179
160
151
153
18
67
137
106
160
79
-82
-61
19
-11
44
36
9
129
69
-9
-26
-96
-84
18
19
-55
-27
22
30
70
6
-66
-40
-6
56
83
29
-12
61
-12
-50
-97
-76
28
-73
-147
-2
4
-18
-58
-19
93
-5
-63
-31
-61
-11
92
179
198
198
167
72
54
97
132
208
191
189
228
177
94
189
198
176
220
221
233
171
211
226
206
215
282
312
239
162
88
4
-12
7
11
25
25
-18
-80
-39
-78
-52
-16
-36
-35
-102
-112
-179
-157
-115
-209
-180
-136
-183
-213
-250
-324
-308
-325
-374
-308
-335
-406
-383
-490
-443
-347
-343
-339
-376
-460
-313
-180
-242
-195
218
981
1107
419
441
850
1238
1640
1767
1655
1344
1153
1099
790
646
552
50
-161
-215
-572
-707
-668
-715
-655
-510
-207
-185
-334
-295
-182
80
375
291
347
397
248
210
195
227
262
189
125
-41
-223
-264
-430
-454
-400
-392
-453
-559
-594
-632
-798
-745
-731
-714
-672
-782
-737
-754
-804
-739
-778
-847
-780
-631
1725
2776
-352
-234
563
1322
2271
2400
3036
1645
1394
1605
543
685
1179
-526
-938
158
-807
-812
-905
-1079
-1028
-1263
-384
-470
-455
-123
-763
-1030
-28
-141
-97
699
340
87
223
288
609
836
906
882
595
948
997
590
729
382
140
393
269
174
29
-374
-536
-460
-529
-662
-796
-671
-681
-805
-688
-718
-864
-846
-777
-723
-515
-470
-550
-610
-585
-585
-647
-534
-452
-396
632
2873
1888
-428
214
738
1783
2499
2923
2712
1368
1468
1193
516
1002
585
-761
-407
-193
-1187
-946
-893
-1122
-1223
-1152
-605
-687
-510
-341
-763
-585
79
-138
114
590
494
661
641
715
1013
1034
1072
996
1034
1223
875
761
717
349
380
455
209
-29
-127
-427
-588
-565
-582
-856
-922
-709
-722
-584
-534
-904
-1202
-911
-742
-610
-373
-519
-770
-820
-691
-776
-850
-651
-691
-596
580
3173
1595
-969
220
739
1841
2526
3064
2937
1348
1299
1064
432
1168
664
-901
-683
-298
-1334
-970
-945
-1158
-1241
-1494
-546
-607
-596
-240
-657
-636
244
-33
-48
419
79
279
791
1138
1390
1647
2169
2119
1879
2012
1399
564
77
-384
-813
-936
-1144
-1297
-1192
-959
-869
-935
-954
-1231
-1157
-905
-504
126
178
-206
-707
-1177
-1711
-2106
-1979
-1690
-1208
-673
-302
-134
-239
-368
-304
1177
7202
12121
8854
5124
-638
-6627
-6662
-6872
-3579
9
333
1351
-789
-533
2014
2216
5347
6252
3368
81
-4719
-7671
-6631
-4172
419
3073
3050
2288
-1058
-767
1274
2783
4649
2743
-927
-4367
-6524
-4395
-967
3897
6856
6332
4215
-372
-1875
-1664
-1423
137
-447
-1651
-1611
-1489
785
2205
2422
1615
-1288
-2380
-2864
-2121
-312
462
982
234
-1510
-2192
-2598
-1683
-592
-652
-680
-1660
-1672
-990
-270
485
296
-852
-1592
-744
9005
15725
9155
4801
-5714
-12064
-7686
-4348
2639
3945
1675
-786
-5097
766
5825
6444
7578
619
-5196
-8642
-7724
-2499
1257
4209
2939
-887
-953
190
2077
5184
3390
-106
-4436
-6631
-4776
-1374
3223
4545
2741
1656
1762
3298
3296
2975
133
-4524
-5130
-4614
-1343
3325
4200
3398
477
-2132
-2607
-2381
34
598
-232
-971
-2376
-1901
64
813
456
-1170
-2922
-3393
-2698
-456
399
-69
-903
-2433
-2234
-1111
-85
529
818
5147
15149
12383
4225
-1460
-11740
-10045
-4853
-227
3452
1151
294
-2081
-301
7510
7014
4974
667
-6430
-7856
-7119
-1566
1255
2355
2616
-320
199
2909
3966
3857
1366
-2807
-5865
-6061
-2445
666
3357
3967
2052
691
721
1539
2446
4278
3629
1299
-2266
-5830
-4734
-1611
1708
3096
2059
70
-441
-38
1333
815
-1086
-2727
-3790
-2161
-111
1526
526
-1326
-2491
-3239
-1769
-115
134
-664
-2054
-2722
-2516
-1278
-158
-405
641
6007
17584
15322
4608
-2454
-14123
-12506
-5275
892
4636
1789
177
-2101
-39
8619
8413
4181
-1146
-8713
-9560
-7332
15
2915
2840
2526
-344
858
3870
4938
2991
-1085
-4943
-6936
-5420
-153
2786
4075
3411
1352
368
899
1935
1227
-932
-2099
-2063
264
6323
6860
1558
-3412
-6862
-5987
-673
3034
3127
1294
149
-552
-846
-175
-1862
-3517
-2689
-1330
-720
-546
-947
-2158
-2131
-1087
-1556
-1309
-869
-1186
-1188
-1431
-1501
704
5531
17253
16584
4024
-2925
-13681
-12540
-4792
1704
4686
701
-757
-1686
615
9092
9782
3100
-3232
-10240
-9568
-6140
1320
4088
1644
1401
-171
2073
5098
5513
1845
-3807
-6699
-6332
-3582
1865
3935
3141
1566
636
1468
2371
2912
474
-3520
-4303
-2175
2276
6201
3047
3129
920
-1082
-1044
-2039
-3355
-2737
-377
988
2011
1047
423
-2639
-2557
-2104
-2227
-1704
-2233
-1263
-1835
-1438
-1545
-2623
-1987
-2120
-819
-708
-683
-1158
-71
3069
10660
20255
10794
-17
-8137
-14121
-7685
36
5051
2543
-1333
-901
1015
6068
12000
5937
-2242
-8440
-9640
-5300
-677
4466
1615
-361
273
2576
5452
5973
2529
-3741
-7598
-5918
-2178
1248
3556
1857
327
529
2865
3763
2390
-433
-4194
-5540
-1832
4772
7660
4637
-237
-4112
-3404
1238
3019
414
-3671
-3846
-990
2965
4350
951
-3662
-5353
-3160
23
1070
-641
-2896
-3787
-2435
-677
-835
-1422
-2898
-3005
-2086
-1056
-572
1053
3901
9876
19092
9176
-1519
-8809
-13779
-7546
-1237
3836
667
-1939
-194
3107
7041
10302
3418
-4757
-9327
-7865
-3426
-907
2210
-681
-602
2119
6058
6737
3762
-977
-5899
-6653
-2884
504
1029
676
-25
1079
3314
5741
3743
-434
-4044
-5186
-3260
-267
3414
5694
3672
1522
-611
2252
5046
1875
-3906
-8519
-6557
-55
6815
5648
976
-3453
-2980
-289
1394
577
-4169
-5380
-3376
868
2139
165
-2910
-4873
-2874
225
1574
-20
-1417
98
3876
15785
19831
4981
-4928
-12672
-11189
-2859
3653
3477
-3216
-3318
975
6951
10632
8045
-2119
-8622
-8399
-2868
34
142
-2239
-3048
721
6184
9168
4939
-520
-5254
-4727
-1998
844
244
-2412
-2841
451
4995
7089
4829
-483
-4356
-4246
-1103
973
-8
1322
4473
3115
2270
422
-1533
-1951
-530
-1552
-1217
793
2650
2627
825
-1301
-3545
-2554
-1343
-188
-930
-1648
-2124
-1390
21
-846
-2272
-3545
-3430
-2169
-69
-446
-1715
-2475
1612
6465
18224
19255
1512
-6921
-12694
-7438
-569
2858
-1634
-7360
-2041
4540
10605
11065
3433
-5763
-7807
-3005
583
-1424
-3785
-7111
-1923
5143
9765
6249
176
-2686
-3407
861
1411
-1135
-5432
-4995
-293
4860
7304
4408
-503
-2035
-616
2130
1063
-1874
-5042
-3970
6833
8530
3208
-1202
-1038
2124
2548
287
-6810
-6094
-211
5031
3576
154
-2538
-2466
915
1289
-971
-4692
-4355
-1306
1137
615
-2896
-4396
-2755
-232
816
-107
-2237
-1991
2881
7811
19302
13378
-2202
-6369
-8920
-830
1498
-212
-7550
-8164
1586
6915
10107
5816
-1687
-3852
-1545
3021
-169
-5196
-8565
-5855
3405
6022
5761
-533
-783
914
4628
4090
-2366
-5265
-6084
-963
2505
2933
274
-1925
1419
3529
4691
1542
-2827
-3527
-1954
4491
2678
3490
204
-3569
-296
1661
2772
372
-1850
-2646
201
3127
934
-1141
-2768
-2403
336
190
-545
-2616
-2026
-1873
-977
-773
-2465
-2618
-2829
-1343
-761
-501
-2094
-1445
3116
6469
17909
10969
-1150
-2499
-5870
1747
366
-2614
-10180
-6780
2961
3660
6934
2463
-702
1307
4608
4971
-2729
-4029
-7671
-2967
2370
949
-1276
-3876
2425
3213
7823
3159
-1637
-1999
-523
1947
-875
-1374
-4840
-2261
2389
2041
2162
-292
866
1068
2909
2208
-465
3065
2478
389
-2462
-1201
-300
252
722
-2549
-756
1930
2202
515
-920
-1801
-1072
410
-695
-2225
-2944
-2551
-1640
-394
-1808
-2557
-2040
-609
-373
-75
-982
-452
2333
6898
11823
3386
1228
-1110
211
4518
1157
-1831
-6346
-1473
-645
-152
-548
-2897
-962
561
3434
2043
1064
573
-878
2036
999
1085
-2919
-2990
-2556
-804
2070
-512
-107
-1640
1515
2022
2690
1523
-1034
-21
-54
1478
411
-361
-1498
-1614
73
352
854
-74
326
455
1316
1537
884
491
481
904
1245
1545
309
-272
-146
711
653
172
-615
-1327
-1156
-901
-837
-1377
-1842
-1830
-1447
-865
-716
-628
-1057
-1417
-1384
-1392
-1333
-1192
-793
839
1071
804
1793
3118
3301
3179
3409
2004
2089
2483
1670
442
-171
-991
-854
185
118
-996
-1296
-1000
-1279
-775
-481
-686
-511
-397
-454
-546
466
62
106
554
299
466
426
639
-33
441
99
-191
132
172
122
188
739
476
956
1398
1723
909
337
806
1132
908
207
-205
-293
672
707
-82
-491
-927
-863
-675
-951
-1733
-1870
-1653
-1153
-636
-600
-1119
-1455
-1382
-1187
-1224
-1513
-1662
-1371
209
1477
1122
1000
2234
2899
2679
3284
2707
2389
2945
2547
1377
625
393
-470
16
-58
-1340
-1789
-1621
-1535
-1571
-819
-1248
-925
-284
-239
-346
44
194
119
869
593
252
33
309
268
611
551
-204
16
295
444
239
473
69
94
632
247
792
1460
993
136
814
1069
425
797
615
668
777
638
-712
-608
-602
-735
-585
-1022
-1466
-1268
-594
-689
-641
-806
-1418
-983
-890
-1294
-1830
-1548
-1792
-1225
-631
108
1375
1205
993
1583
2756
2183
2057
2451
2279
2889
3022
1993
686
587
72
-441
-429
-1482
-2189
-1845
-1271
-1510
-1179
-1184
-1026
-13
337
20
-361
446
681
796
698
-102
-175
332
1030
-65
194
845
17
215
319
344
270
133
-123
379
641
22
110
1022
1031
611
940
909
942
1395
782
-17
207
338
-161
-552
-881
-928
-264
-351
-1238
-1279
-930
-782
-720
-1001
-1594
-1596
-1197
-1340
-1497
-1345
-1393
-1259
-868
-402
692
1277
473
770
2244
2781
2301
2783
3000
3089
3438
2368
917
302
446
-398
-813
-961
-1790
-1719
-1211
-1205
-1503
-973
-620
-158
305
-46
-313
223
1076
851
578
330
-82
231
688
379
-32
54
74
144
474
300
6
283
589
324
184
194
157
488
842
1027
526
478
937
984
676
289
528
678
714
352
-195
-247
-279
-355
-898
-1150
-1298
-1221
-1041
-1435
-1365
-1262
-891
-874
-1144
-1404
-1663
-1399
-1561
-1475
-1356
-70
2141
1803
-1913
1679
2811
3628
3606
2966
2554
3962
4367
-1753
615
-942
0
-2117
-2247
-3041
-1850
1080
-2850
-1397
-95
1300
644
765
637
-10
2857
182
-1360
290
153
-628
-1124
-403
-930
1111
625
-1027
986
1796
1076
370
1330
505
913
986
-971
-483
716
1301
-1448
1073
1732
-238
1571
504
257
826
490
-524
560
708
-1209
161
-280
-1302
-854
-1142
-1235
-802
-977
-1899
-681
-710
-1670
-1394
-1417
-1867
-1858
-2279
-1984
-796
929
3291
4332
4417
2820
5884
3094
1594
2411
659
611
-1590
-1938
-3757
-1938
-2060
-2415
148
136
286
517
1400
1207
2010
1565
571
699
-57
-1336
-722
-745
-1299
-1186
-392
-299
321
736
750
1695
1661
945
805
1356
571
-138
-399
-607
-658
-876
-1085
-593
47
-295
101
489
948
955
4062
3974
581
3840
1242
-1125
350
-1233
-1578
-927
-1252
-1762
-231
-706
-1049
857
-761
-1061
-192
-1130
-1223
-514
-1420
-1543
-1006
-2231
-2708
-1553
-2764
-2148
-752
-871
1831
5815
4973
1748
7815
4639
12
3911
847
31
-1007
-2365
-3687
-2717
-2813
-3322
1079
353
-1126
1501
1831
1017
1800
2049
1488
895
-539
-1466
151
-990
-2344
-866
-269
-1061
-702
721
1215
1553
1216
1314
1720
1034
140
797
512
-901
-1319
-673
-1112
-1014
-780
69
170
770
1959
1037
3613
1535
774
2797
342
88
28
-265
-773
-997
-773
-954
-148
-1155
-603
52
-922
-708
-695
-744
-733
-690
-930
-1245
-1480
-2005
-2030
-2234
-2460
-1861
-1258
-1326
2363
3389
4334
3391
4951
5352
523
4019
2320
216
-221
-1400
-2046
-3694
-2820
-2066
-817
-776
-1014
937
1063
102
1741
2267
1610
285
421
153
-651
-1130
-984
-605
-1281
-1434
-164
407
224
670
1457
1626
800
1186
1146
545
-248
-342
-236
-856
-1326
-881
-595
-980
-551
-38
1357
3362
809
2447
4551
-886
570
2756
-1099
-1459
457
-559
-2135
-1095
-478
-429
-1149
-1321
477
-603
-2228
48
181
-1986
-945
76
-1980
-1988
-1397
-2014
-2521
-1726
-1644
-547
2552
2242
4049
3108
5414
2848
1537
5389
1083
1099
727
-322
-2435
-3549
-1692
-1834
-1713
-1421
-455
257
-1135
598
2217
1285
1079
1275
1487
-329
-246
-139
-659
-1262
-1104
-479
-621
-1021
187
715
602
712
1501
1362
688
959
751
45
-513
-291
-280
-762
-1064
1010
1317
-1304
2554
1901
-1254
2205
1321
-576
496
722
-312
-636
-62
-453
-443
-1501
-786
-330
-1912
-966
20
-1159
-1138
20
-746
-1595
-740
-1134
-1603
-2103
-1576
-1387
-2026
-1328
238
1679
2749
2109
4014
4781
-157
3962
4031
342
1364
1571
-334
-2932
-1382
-1309
-1868
-1921
-1190
-31
-1358
-993
1414
814
91
1042
1606
11
-72
741
-55
-944
-732
-75
-808
-1150
19
363
-259
84
1005
893
276
1012
1218
362
407
1226
-432
1188
-18
-529
2111
-871
269
946
-56
-638
275
1176
-898
584
556
-215
-347
-577
120
-1372
-966
-439
-921
-1323
-718
-89
-1442
-878
-196
-1083
-1153
-914
-1117
-1221
-1574
-760
-794
-415
684
3366
1773
2271
5531
-21
3253
4037
1017
1889
1489
562
-2057
-1128
-1220
-1531
-1466
-1583
-307
-1626
-1117
765
384
275
933
1575
164
596
1115
337
-271
-251
321
-517
-512
228
111
-196
391
936
614
750
1232
1081
506
1034
1229
717
729
874
261
-156
342
-355
-456
-79
-189
-322
-27
279
42
113
246
163
-255
-372
-353
-796
-979
-846
-933
-1092
-947
-817
-1285
-642
-703
-884
-541
-1026
-712
-826
-631
-155
122
1887
2599
727
4773
1228
404
5000
1061
1030
1908
1213
-1234
-874
-181
-1379
-1055
-1267
-252
-1292
-1461
396
-405
-390
343
935
-312
491
1318
-297
1044
-172
146
679
-386
379
176
27
-120
491
382
335
1192
784
797
1048
516
545
479
135
295
387
-482
275
-40
-742
516
-36
-237
461
365
93
267
430
-136
-24
-251
-515
-619
-945
-612
-842
-938
-886
-772
-763
-614
-188
-755
-542
-124
-932
-505
137
-80
523
1317
1975
1430
2301
2066
821
2246
1818
739
1076
916
-102
-479
-142
-464
-909
-723
-418
-785
-740
-104
-349
-291
164
372
-103
177
429
-3
-85
226
278
37
297
404
372
403
636
667
296
814
801
461
596
740
527
295
474
48
-71
-24
-221
-104
-174
-179
9
-165
-131
76
-68
-135
14
-124
-247
-125
-251
-248
-328
-321
-208
-692
-537
-238
-459
-472
-237
-344
-430
-118
-143
-353
-369
-60
150
67
551
1202
486
834
1516
662
733
1257
798
462
712
648
122
216
312
40
-117
178
246
-103
238
175
-303
-166
210
-14
-36
334
-33
-122
163
134
49
269
380
290
469
449
503
503
760
653
291
535
405
61
107
297
-96
-101
43
-242
-253
-151
-173
-332
-266
-81
-260
-219
9
-179
-317
53
-36
-179
-29
-406
-470
-80
8
-134
54
32
-72
-178
5
86
-212
-10
-1
-94
-115
138
151
90
489
370
257
505
666
451
645
715
297
628
672
164
224
453
241
174
484
239
129
366
163
-19
271
220
106
257
120
144
206
94
190
218
164
260
171
299
473
175
160
342
60
119
387
-3
-124
87
-41
17
-37
-142
-74
-71
-131
-245
-209
-133
-62
-125
4
156
-67
55
-34
-95
135
33
-21
114
71
10
68
94
18
68
81
-34
115
-61
59
53
-52
318
114
-111
121
18
-60
181
117
124
228
208
260
318
337
353
140
255
453
90
177
361
125
94
307
56
60
313
149
422
303
327
343
198
406
241
-43
105
153
-126
78
101
-113
113
60
-146
39
95
-58
50
47
4
-19
-169
-139
-118
-201
-177
-203
-262
-128
11
-52
-4
86
83
55
64
13
18
167
-74
-12
143
-174
-34
43
-203
-88
-33
-93
-77
109
102
-152
96
105
-100
105
105
20
110
133
5
-45
200
-86
-71
139
-19
10
153
-88
55
204
164
179
247
109
6
279
212
114
194
325
268
138
210
119
-173
116
254
-37
317
290
-7
313
324
104
28
46
50
-28
-41
-29
-70
-142
-46
-147
-72
-53
-18
87
-78
47
-44
-21
213
66
-100
175
131
-28
164
204
-80
134
97
-68
93
-142
15
47
-60
-95
12
-12
-1
101
45
64
53
-47
34
42
-4
-73
4
-84
120
16
-26
41
-137
-55
-127
-33
23
70
73
-110
69
-15
-159
180
-22
81
83
50
192
1
-116
16
-113
-127
-52
-153
33
19
-110
88
111
237
137
384
232
38
239
44
48
-180
-94
-70
-174
-6
-198
-116
-137
-217
51
106
140
171
131
218
45
60
31
-128
-84
-55
-66
68
-5
-139
15
122
71
102
114
127
-76
112
-70
11
195
-3
130
23
-46
-9
11
-38
-114
-76
63
5
-131
42
-32
-117
-1
32
-27
-41
95
2
-61
151
-25
-54
116
12
-184
-5
56
-285
-20
-14
-72
-57
72
-25
-100
-30
-27
-187
137
-15
0
7
94
-36
32
-29
72
57
72
25
74
3
31
-36
-160
82
-41
144
23
48
38
71
251
129
46
81
-194
-170
7
-192
-179
-192
-188
-148
-156
93
-41
-17
132
-102
43
133
39
44
78
-44
-156
-209
-190
-126
-175
-54
-240
71
-97
93
189
-178
373
86
58
220
34
2
100
-118
-120
-35
-263
-213
-99
-183
-348
41
-5
-112
-97
30
-25
115
170
33
20
152
184
-79
54
165
-87
145
116
-65
96
99
-36
7
-118
52
-9
-18
212
-49
55
156
-12
-45
106
90
-155
154
198
41
215
198
-63
106
222
122
129
-64
161
65
-30
162
10
-11
107
184
-137
55
-5
-174
-151
-3
-171
-8
-35
-132
-58
-176
-37
-47
-59
245
-8
-58
108
120
151
106
-78
4
-54
-4
-86
64
62
-73
3
91
-30
92
98
5
63
-51
-99
27
-130
-179
-236
-43
-114
-51
-44
-55
72
-47
110
-47
17
45
-231
-35
